186.33420749195045
291.617862938446
417.6207054325042
344.0390121634679
540.9886856398911
546.9149060411969
422.6607577412595
512.3847616295509
661.4174147691348
797.7426479003944
689.2059514605553
552.1429266447036
650.482182636971
562.2081822173801
589.8734458576088
662.2455303559253
367.43447789902893
550.8483393123284
625.0168043191219
758.6281673044255
677.233528088653
773.4747345105262
864.3557014483175
925.2340487192791
701.394601668409
1025.2042567884475
569.7430331176411
481.0378510609106
393.7717890672722
270.2499345409335
715.6397569172451
844.6953533812283
964.7397409010212
326.03189843676836
362.73605723554164
225.42264992935
287.588102805871
311.0563990423397
890.3534971883013
564.7698772625398
