156.6761957437337
324.9608586369051
437.1634087616665
342.8301427649678
534.1575419455096
527.3927593933068
388.36084251727766
490.79929719133344
659.7921820248235
813.845390330061
657.765407039779
564.1772691887627
623.1114498343271
551.3416354205252
564.9602149783606
653.2722784240998
403.9255590009236
559.6906517917434
656.2701431867862
791.6434914560087
667.0797276007747
773.3506253787289
881.0720997365178
943.274253331872
666.691739067953
1022.3296779763434
606.726924107998
501.2788500866604
369.4018614232262
278.3793086316646
754.4198231418968
864.361824647802
963.8434735576233
346.5242203733117
356.5566692991918
250.92635385443307
285.25926158850257
286.41531068393243
909.8017512074018
547.2190347319572
