156.12164023230514
327.65811984283755
415.27522368054207
346.0810999803947
548.0323761482798
526.3369204283792
387.5996138959701
512.3127744929429
672.4814652847726
820.229156277903
664.219056875696
550.3528195151013
639.3415746735096
533.2792582307244
573.5372437570921
660.8602133308218
382.33069608507435
559.2941597470184
641.3368229306299
748.3730258608532
706.7107407652509
765.4798946166679
877.9026230749596
924.9937571063579
698.292513411717
1028.5112332547744
567.6031653046336
500.3335531072409
394.48893826929253
276.53715655682134
743.8033389915835
835.4577505687434
994.5858218758196
313.0644647943159
369.0914592291274
251.00269759694825
266.8659400048177
271.854738152695
882.9922848452062
584.8746360880783
