161.39605967909287
314.9738742281223
417.1507023220888
352.49707376789036
551.0795630293057
549.3941020046981
405.3274019460383
510.14366931347723
651.661128020054
797.3607398484288
679.6519983378674
550.2571457363601
644.861755326826
538.0290405930498
566.1900341569179
639.8522838378047
390.540221734067
548.3755807925704
648.9443722153924
768.6173651509414
687.1763233045837
787.2005986852854
882.5385086448423
929.6261289269215
691.1905347529822
1029.1965233102737
583.2276042651825
478.30541703465263
369.8180771848181
268.8859508669811
738.3137523007646
845.1930194268399
980.5285352087701
335.5706573604808
360.0293701749575
247.52778781689173
268.8568442154276
291.48744778824437
902.5803281118834
571.0975257225406
