306.5375970624443
433.2013792879373
339.8412370189917
551.3289544973651
563.7768527147448
415.0476680265034
505.21233886832215
642.5517119713886
810.6653948492956
667.4691127341566
548.5350710404947
621.8485268567779
557.9013489440147
581.1218365638698
626.2175494896919
379.7342535537179
542.3133847300825
638.6145472425411
761.871923789924
673.2161970967122
780.3241081050868
894.0207533510667
954.1673957725343
679.1714371682303
1043.8323825562247
600.7791800994985
474.14894119426486
355.9617125628078
755.9655567369892
840.9974592933708
960.8333451690386
325.6547421330931
340.7674288371018
912.9029124884821
582.8713313028111
