296.42512515529626
401.24658084114003
376.1756070199526
571.0250071872239
549.9161946776389
404.26593489199826
506.8352842472865
628.2572275564441
781.0928564820061
704.2496962459724
562.3780783028603
662.6530763649475
526.7093836261995
555.1390770698139
650.4807035290557
391.4636974244172
560.2090558882378
641.9216558566372
762.9832165726135
708.2689985404868
792.9298644399089
868.3922411246183
941.3970202601138
711.9000332658057
1052.5734235236212
603.3189599863261
477.2196870926002
377.6577098007244
748.1434419001469
866.0935822980874
996.3345144901482
325.90909292820425
383.9718377811411
900.3457728393404
571.2967699802025
