320.19398066313687
404.3417170857123
337.8527102753672
557.0380406378089
560.990476622758
417.1278602284983
493.8723668303965
646.4715690945114
798.695907090662
684.9949061673904
534.9850039640379
664.4038794760304
560.5361061907207
554.2907075901245
655.373222094142
385.55347349745523
570.5995497673053
669.8248262466368
787.4502256633037
679.9209514344285
768.7133266950032
903.9090175127761
927.5708403412565
682.7167576876378
1018.1675624948834
568.455812025092
496.4280274857665
383.30107439341
747.6518690536786
850.22297358692
991.8356797552043
335.1166048624194
376.9603600661841
908.7235866267944
549.4037546972713
